0904
0974
0700
0123
0791
0136
0448
0583
0415
0823
0481
0487
0937
0563
0757
0486
0879
0736
0325
0327
0064
0489
0078
0286
0251
0296
0514
0758
0759
0312
0303
0306
0351
0599
0040
0185
0535
0342
0151
0169
0513
0433
0814
0728
0693
0331
0403
0218
0472
0409
0890
0526
0500
0742
0910
0310
0623
0779
0083
0996
0602
0388
0502
0713
0278
0484
0215
0396
0232
0000
0774
0366
0802
0014
0517
0622
0496
0975
0142
0446
0032
0720
0465
0440
0715
0320
0830
0115
0825
0945
0877
0902
0808
0230
0794
0573
0764
0972
0803
0065
0384
0332
0111
0981
0075
0638
0765
0956
0166
0210
0107
0377
0354
0505
0565
0842
0095
0094
0438
0038
0499
0264
0236
0462
0592
0525
0782
0916
0578
0323
0174
0226
0966
0785
0793
0027
0181
0554
0019
0180
0762
0127
0716
0645
0957
0445
0370
0367
0392
0560
0951
0698
0815
0250
0121
0504
0139
0256
0241
0881
0737
0188
0326
0616
0787
1003
0813
0530
0871
0896
0009
0876
0534
0873
0209
0307
0593
0847
0551
0967
0913
0992
0291
0838
0341
0643
0490
0449
0979
0457
0993
0819
0792
0859
0886
0524
0197
0670
0528
0875
0828
0987
0586
0844
0731
0437
0755
0906
0216
0585
0150
0311
0207
0887
0612
0039
0704
0660
0093
0864
0117
0703
0857
0205
0363
0243
0976
0553
0275
0336
0315
0126
0795
0380
0938
0947
0983
0419
0790
0679
0681
0649
0202
1001
0170
0711
0012
0837
0968
0709
0726
0405
0664
0744
0418
0413
0723
0659
0911
0348
0365
0133
0138
0494
0527
0749
0507
0021
0447
0026
0398
0799
0498
0521
0385
0242
0601
0509
0836
0097
0461
0568
0669
0608
0233
0406
0371
0333
0821
0175
0575
0467
0441
0699
0506
0932
0923
0687
0080
0410
0863
0841
0598
0047
0674
0636
0885
0240
0474
0778
0203
0829
0183
0692
0780
0211
0412
0458
0191
0434
0113
0796
0423
0994
0939
0288
0851
0657
0057
0279
0024
0272
0426
0025
0119
0101
0184
0946
0186
0576
0100
0106
0511
0717
0848
0104
0269
0314
0369
0098
0931
0856
0773
0596
0309
0287
0063
0843
0621
0656
0618
0298
0508
0051
0625
0355
0878
0918
0557
0689
0710
0171
0591
0059
0453
0724
0308
0277
0374
0609
0422
0335
0425
0652
0400
0033
0969
0034
0001
0903
0016
0198
0147
0301
0707
0982
0912
0543
0617
0364
0201
0662
0204
0246
0228
0589
0283
0346
0165
0874
0454
0677
0985
0685
0069
0045
0564
0539
0806
0727
0750
0970
0577
0629
0273
0135
0234
0579
0492
0178
0254
1002
0768
0382
0929
0340
0452
0397
0537
0572
0112
0055
0853
0381
0671
0108
0950
0883
0129
0376
0747
0542
0607
0541
0132
0888
0345
0600
0811
0350
0429
0088
0328
0124
0714
0614
0986
0324
0460
0030
0868
0164
0334
0958
0738
0192
0964
0317
0194
0049
0017
0271
0329
0892
0187
0597
0628
0971
0480
0284
0343
0562
0772
0818
0408
0532
0268
0061
0300
0488
0293
0008
0160
0712
0219
0891
0068
0682
0954
0826
0239
0820
0091
0761
0463
0199
0697
0860
0289
0010
0035
0482
0849
0523
0633
0675
0316
0776
0274
0627
0922
0261
0157
0394
0358
0424
0357
0122
0432
0807
0189
0125
0522
0085
0754
0208
0893
0322
0003
0372
0901
0162
0831
0997
0739
0152
0630
1005
0379
0538
0148
0571
0071
0756
0145
0193
0637
0962
0641
0897
0172
0102
0043
0862
0960
0428
0401
0651
0880
0953
0650
0570
0231
0666
0052
0963
0154
0177
0248
0414
0319
0023
0224
0688
0520
0827
0977
0475
0404
0783
0378
0247
0182
0894
0865
0073
0464
0196
0708
0270
0741
0082
0497
0044
0265
0153
0167
0926
0214
0263
0775
0116
0907
0430
0978
0120
0518
0469
0238
0105
0924
0134
0390
0748
0959
0663
0684
0989
0533
0933
0835
0752
0344
0416
0613
0005
0696
0302
0905
0161
0090
0686
0701
0549
0466
0721
0846
0103
0062
0266
0235
0751
0451
0431
0546
0130
0845
0624
0028
0002
0784
0920
0407
0605
0909
0690
0066
0965
0337
0092
0584
0443
0200
0118
0680
0990
0294
0872
0804
0295
0444
0011
0339
0074
0417
0084
0050
0943
0292
0245
0927
0223
0227
0347
0763
0615
0648
0252
0519
0661
0244
0869
0512
0022
0647
0640
0262
0635
0805
0668
0330
0644
0884
0722
0056
0436
0760
0840
0540
0305
0606
0536
0952
0917
0745
0934
0255
0544
0013
0468
0089
0611
0515
0642
0485
0858
0948
0220
0691
0789
0626
0941
0733
0746
0442
0141
0898
0936
0824
0503
0786
0667
0725
0753
0361
0237
0866
0249
0552
0077
0131
0734
0173
0930
0368
0798
0036
0797
0665
0632
0473
0109
0313
0654
0491
0914
0476
0658
0297
0360
0221
0588
0280
0373
0495
0619
0168
0984
0356
0206
0411
0212
0159
0070
0225
0020
0478
0631
0730
0998
0007
0895
0352
1004
0257
0718
0531
0545
0156
0258
0569
0229
0299
0854
0694
0705
0455
0267
0810
0729
0338
0653
0304
0041
0855
0955
0439
0809
0595
0260
0140
0054
0822
0634
0832
0163
0766
0359
0995
0582
0833
0940
0386
0483
0695
0477
0362
0037
0053
0158
0391
0048
0581
0421
0555
0285
0282
0031
0800
0383
0195
0155
0015
0646
0144
0988
0402
0548
0559
0375
0870
0349
0470
0435
0567
0816
0925
0046
0087
0143
0501
0321
0949
0580
0353
0042
0852
0788
0867
1000
0882
0146
0673
0149
0928
0086
0991
0574
0137
0999
0179
0389
0058
0777
0099
0176
0732
0550
0510
0558
0655
0769
0114
0908
0072
0471
0702
0547
0812
0259
0427
0861
0079
0706
0018
0620
0060
0587
0190
0222
0276
0980
0290
0915
0817
0899
0743
0610
0889
0944
0770
0067
0493
0639
0561
0961
0566
0604
0740
0942
0919
0719
0767
0590
0672
0387
0253
0110
0213
0420
0603
0973
0781
0801
0076
0459
0395
0081
0217
0921
0516
0450
0935
0834
0683
0529
0678
0676
0556
0029
0594
0006
0456
0850
0479
0281
0096
0318
0128
0393
0900
0771
0004
0735
0399
0839
